function  ZeroCrossing( )
% The function construct the 5th degree Interpolating Polynomial


% When V = 10
t10 = [1.8302  1.8491  1.8679 1.8868 1.9057   1.9245];
 
xs = [0.0083  0.0048  0.0013 -0.0022  -0.0055  -0.0085];

es = 10^(-3);  % absolute error tolerance

end